version https://git-lfs.github.com/spec/v1
oid sha256:b4e334c66155dbfbf72e2e87aedd0144f3f18320decd8923fa764f67f7f39542
size 15420
